

mdn_rtrn <- c( 0.6153912, 0.6153912, 0.6153912, 0.6153912, 0.6153912, -1.0070038, -1.0070038, 
               -1.0070038, -1.0070038, 2.2377862, 2.2377862, 0.6153912, 0.6153912, 2.2377862, 
               0.6153912, 0.6153912, 0.6153912, 0.6153912, 0.6153912, 0.6153912, -1.0070038, 
               -1.0070038, 0.6153912, 0.6153912, 0.6153912, 0.6153912, 0.6153912, 0.6153912, 
               -1.0070038, 0.6153912, 0.6153912, -1.0070038, -1.0070038, 0.6153912, -1.0070038, 
               -1.0070038, -1.0070038, -1.0070038, -1.0070038, -1.0070038, -1.0070038, 
               -1.0070038, -1.0070038, 0.6153912, 0.6153912, 0.6153912, 0.6153912, 0.6153912, 
               -1.0070038, -1.0070038, -1.0070038, -1.0070038, -1.0070038, 2.2377862, 0.6153912, 
               -1.0070038, -1.0070038, -1.0070038)
elevsq <- c( -0.792167744, -0.771270883, -0.792695476, -0.881556808, -0.587973581, 1.905868516, 
             1.857441052, 1.827951716, 1.339046532, -0.391818087, -0.482043922, -0.645032529, 
             -0.604501846, -0.228506090, -0.228506090, -0.104566838, 0.167080840, 0.282470467, 
             0.391614623, -0.140786528, 0.096197774, -0.095410856, 0.187696958, -0.001627729, 
             0.755650807, 0.670053492, 0.539545378, 0.470420746, 0.413928539, 0.504801155, 
             0.610125265, 0.645960930, 0.358446926, 0.447702592, -0.579950273, -0.519334034, 
             -0.691191411, -0.788992862, -0.793749728, 1.905868516, 2.411509136, 2.496702214, 
             2.758345010, -0.588639562, -0.860701179, -0.490746350, -0.808339472, -0.645032529, 
             -0.931135541, -0.985328646, -0.978246403, -0.950636165, -0.965835500, -0.983573244, 
             -0.971002465, -0.868210297, -0.941206110, -0.954112407)

AGB <- c(0.63999881, -0.05208356, -0.01486209, -0.39752054, -0.44429287, -0.82764808, -1.06696647, 
         -0.81997068, -0.80561536, 0.97194348,  1.13604399,  1.73306073,  3.31362268,  1.54595008, 
         1.13955058,  1.49812833,  1.40328293,  1.05261466, 1.20179416,  1.24255568,  1.21524371,  
         0.70240206,  0.65980100,  1.00686891, -0.17221053,  0.18239592,  0.19092804, -0.01362034, 
         -0.23490478,  0.34878444,  0.49450445,  0.42274142,  0.22116072,  0.68556474, -1.01401801, 
         -1.04637239, -0.99810381, -0.99133742, -1.03524392, -1.03818332, -1.06696529, -1.07328955, 
         -1.06586607,  0.64805792,  0.24118329, -0.01719246,  0.47398460, -0.33388923, -1.06426001, 
         -1.06326918, -1.04394608, -0.99044280, -0.96161907, -0.79571967, -0.96571688, -0.99414486, 
         -0.99179228, -0.97109975)

SR_moths <- c(7.000000, 6.000000, 8.500000, 9.500000, 8.500000, 1.000000, 4.000000, 0.000000, 
              2.000000, 9.500000, 9.000000, 13.000000, 14.000000, 2.000000, 2.000000, 1.000000, 
              9.000000, 13.000000, 2.000000, 10.000000, 6.000000, 11.000000, 16.000000, 15.000000, 
              10.000000, 5.000000, 6.000000, 8.000000, 3.000000, 2.000000, 3.000000, 7.000000, 
              5.000000, 13.000000, 3.500000, 13.000000, 1.000000, 4.500000, 17.500000, 2.000000, 
              0.000000, 0.000000, 0.000000, 7.500000, 8.500000,  19.500000, 11.000000, 5.666667, 
              10.000000, 9.000000, 5.500000, 13.000000, 24.000000, 58.000000, 63.000000, 30.000000, 
              5.000000, 8.000000)

pred1 <- data.frame(mdn_rtrn, elevsq, AGB)
mod1 <- ffs(pred1, SR_moths, method = "pls", tuneGrid = expand.grid(ncomp = c(1:3)), 
           metric = "RMSE", trControl = trainControl(method = "cv"))

pred2 <- data.frame(elevsq, mdn_rtrn, AGB)
mod2 <- ffs(pred2, SR_moths, method = "pls", tuneGrid = expand.grid(ncomp = c(1:3)), 
            metric = "RMSE", trControl = trainControl(method = "cv"))


mod1$perf_all
mod2$perf_all
